1
2
3
4
5
6
7
8
9
10
11
12
13
14
15
16
17
18
19
20
21
22
23
24
25
26
27
28
29
30
31
32
33
34
35
36
37
38
39
40
41
42
43
44
45
46
47
48
49
50
51
52
53
54
55
56
57
58
59
60
61
62
63
64
65
66
67
68
69
70
71
72
73
74
75
76
77
78
79
80
81
82
83
84
85
86
87
88
89
90
91
92
93
94
95
96
97
98
99
100
accuracy   0.8153277931671283
top_5_accuracy   0.989843028624192
precision   0.8164986386892262
Recall   0.7925162273998178
F1   0.8017148366412972
AUC   0.9617779639193303
Confusion_matrix   [[0.75352113 0.00704225 0.00352113 0.12323944 0.02112676 0.01760563
  0.07394366]
 [0.05714286 0.71428571 0.05142857 0.13714286 0.01714286 0.01142857
  0.01142857]
 [0.00298507 0.00298507 0.92238806 0.04776119 0.00298507 0.00597015
  0.01492537]
 [0.05745342 0.00621118 0.00621118 0.85403727 0.05745342 0.01242236
  0.00621118]
 [0.06       0.         0.01142857 0.11428571 0.80571429 0.00285714
  0.00571429]
 [0.10041841 0.0125523  0.0376569  0.0292887  0.0125523  0.77824268
  0.0292887 ]
 [0.15107914 0.         0.         0.00719424 0.         0.12230216
  0.71942446]]
101
102
103
104
105
106
107
108
109
110
111
112
113
114
115
116
117
118
119
120
121
122
123
124
125
126
127
128
129
130
131
132
133
134
135
136
137
138
139
140
141
142
143
144
145
146
147
148
149
150
151
152
153
154
155
156
157
158
159
160
161
162
163
164
165
166
167
168
169
170
171
172
173
174
175
176
177
178
179
180
181
182
183
184
185
186
187
188
189
190
191
192
193
194
195
196
197
198
199
200
accuracy   0.8130193905817175
top_5_accuracy   0.9893813481071099
precision   0.8084501815119475
Recall   0.7879593180733998
F1   0.79495855330107
AUC   0.9607193753438271
Confusion_matrix   [[0.61971831 0.01408451 0.00352113 0.15140845 0.03169014 0.10915493
  0.07042254]
 [0.03428571 0.76       0.08       0.08571429 0.01714286 0.01142857
  0.01142857]
 [0.         0.00597015 0.93432836 0.03283582 0.00298507 0.01791045
  0.00597015]
 [0.02018634 0.00776398 0.00621118 0.87267081 0.06987578 0.01708075
  0.00621118]
 [0.02       0.00285714 0.         0.12       0.80571429 0.05142857
  0.        ]
 [0.0376569  0.0125523  0.0334728  0.05020921 0.0083682  0.83263598
  0.0251046 ]
 [0.11510791 0.         0.00719424 0.02877698 0.01438849 0.14388489
  0.69064748]]
201
202
203
204
205
206
207
208
209
210
211
212
213
214
215
216
217
218
219
220
221
222
223
224
225
226
227
228
229
230
231
232
233
234
235
236
237
238
239
240
241
242
243
244
245
246
247
248
249
250
251
252
253
254
255
256
257
258
259
260
261
262
263
264
265
266
267
268
269
270
271
272
273
274
275
276
277
278
279
280
281
282
283
284
285
286
287
288
289
290
291
292
293
294
295
296
297
298
299
300
accuracy   0.8245614035087719
top_5_accuracy   0.9893813481071099
precision   0.8306876328063552
Recall   0.7963044508284897
F1   0.8100187588513046
AUC   0.961171144445102
Confusion_matrix   [[0.69014085 0.00704225 0.         0.1584507  0.01408451 0.09859155
  0.03169014]
 [0.04571429 0.76571429 0.04571429 0.09714286 0.01142857 0.02285714
  0.01142857]
 [0.00895522 0.0119403  0.90447761 0.06865672 0.         0.00597015
  0.        ]
 [0.01708075 0.01242236 0.01552795 0.91459627 0.01863354 0.01863354
  0.00310559]
 [0.03714286 0.00285714 0.         0.15714286 0.76571429 0.02571429
  0.01142857]
 [0.0334728  0.0251046  0.0334728  0.05439331 0.0041841  0.82845188
  0.0209205 ]
 [0.1294964  0.00719424 0.00719424 0.03597122 0.         0.11510791
  0.70503597]]
301
302
303
304
305
306
307
308
309
310
311
312
313
314
315
316
317
318
319
320
321
322
323
324
325
326
327
328
329
330
331
332
333
334
335
336
337
338
339
340
341
342
343
344
345
346
347
348
349
350
351
352
353
354
355
356
357
358
359
360
361
362
363
364
365
366
367
368
369
370
371
372
373
374
375
376
377
378
379
380
381
382
383
384
385
386
387
388
389
390
391
392
393
394
395
396
397
398
399
400
accuracy   0.8162511542012927
top_5_accuracy   0.987072945521699
precision   0.8198677569103436
Recall   0.7923526931951158
F1   0.8042079753721593
AUC   0.9594717138310688
Confusion_matrix   [[0.72535211 0.00352113 0.         0.11267606 0.04929577 0.04929577
  0.05985915]
 [0.04571429 0.73142857 0.06857143 0.09142857 0.03428571 0.01714286
  0.01142857]
 [0.00895522 0.0119403  0.88059701 0.07761194 0.00298507 0.01492537
  0.00298507]
 [0.02795031 0.00621118 0.00776398 0.87111801 0.06055901 0.01863354
  0.00776398]
 [0.03714286 0.00285714 0.         0.11428571 0.83428571 0.01142857
  0.        ]
 [0.07949791 0.0041841  0.0376569  0.06694561 0.0251046  0.76987448
  0.0167364 ]
 [0.13669065 0.         0.         0.00719424 0.02877698 0.09352518
  0.73381295]]
401
402
403
404
405
406
407
408
409
410
411
412
413
414
415
416
417
418
419
420
421
422
423
424
425
426
427
428
429
430
431
432
433
434
435
436
437
438
439
440
441
442
443
444
445
446
447
448
449
450
451
452
453
454
455
456
457
458
459
460
461
462
463
464
465
466
467
468
469
470
471
472
473
474
475
476
477
478
479
480
481
482
483
484
485
486
487
488
489
490
491
492
493
494
495
496
497
498
499
500
accuracy   0.8245614035087719
top_5_accuracy   0.9903047091412742
precision   0.8188971389557788
Recall   0.8061336090995807
F1   0.8106953800430124
AUC   0.9632529396824394
Confusion_matrix   [[0.70422535 0.01056338 0.00704225 0.10915493 0.07394366 0.04929577
  0.04577465]
 [0.06285714 0.73714286 0.06857143 0.07428571 0.04571429 0.01142857
  0.        ]
 [0.         0.00895522 0.92835821 0.03283582 0.00895522 0.00895522
  0.0119403 ]
 [0.02329193 0.00776398 0.00931677 0.8447205  0.08385093 0.02173913
  0.00931677]
 [0.03428571 0.00285714 0.         0.06857143 0.86857143 0.02285714
  0.00285714]
 [0.05439331 0.0083682  0.05439331 0.0334728  0.0167364  0.81171548
  0.0209205 ]
 [0.10791367 0.00719424 0.         0.         0.00719424 0.1294964
  0.74820144]]
501
502
503
504
505
506
507
508
509
510
511
512
513
514
515
516
517
518
519
520
521
522
523
524
525
526
527
528
529
530
531
532
533
534
535
536
537
538
539
540
541
542
543
544
545
546
547
548
549
550
551
552
553
554
555
556
557
558
559
560
561
562
563
564
565
566
567
568
569
570
571
572
573
574
575
576
577
578
579
580
581
582
583
584
585
586
587
588
589
590
591
592
593
594
595
596
597
598
599
600
accuracy   0.8190212373037857
top_5_accuracy   0.9907663896583564
precision   0.8089871707988311
Recall   0.7958033402350787
F1   0.800425565394729
AUC   0.9581207124035788
Confusion_matrix   [[0.72183099 0.01408451 0.00704225 0.10915493 0.03521127 0.08098592
  0.03169014]
 [0.03428571 0.76571429 0.06285714 0.07428571 0.01142857 0.04
  0.01142857]
 [0.00895522 0.00895522 0.92238806 0.0238806  0.00298507 0.0238806
  0.00895522]
 [0.04503106 0.01863354 0.00310559 0.86490683 0.03571429 0.01863354
  0.01397516]
 [0.04285714 0.00285714 0.         0.12       0.78571429 0.04
  0.00857143]
 [0.06276151 0.0083682  0.0251046  0.0251046  0.0167364  0.84100418
  0.0209205 ]
 [0.1294964  0.         0.00719424 0.04316547 0.         0.15107914
  0.66906475]]
601
602
603
604
605
606
607
608
609
610
611
612
613
614
615
616
617
618
619
620
621
622
623
624
625
626
627
628
629
630
631
632
633
634
635
636
637
638
639
640
641
642
643
644
645
646
647
648
649
650
651
652
653
654
655
656
657
658
659
660
661
662
663
664
665
666
667
668
669
670
671
672
673
674
675
676
677
678
679
680
681
682
683
684
685
686
687
688
689
690
691
692
693
694
695
696
697
698
699
700
accuracy   0.8134810710987996
top_5_accuracy   0.9829178208679594
precision   0.8078305143224059
Recall   0.7828186471799408
F1   0.7932168845023584
AUC   0.9568191373363122
Confusion_matrix   [[0.71830986 0.00704225 0.00352113 0.13380282 0.04225352 0.0528169
  0.04225352]
 [0.07428571 0.71428571 0.06857143 0.09142857 0.02285714 0.02857143
  0.        ]
 [0.00597015 0.00597015 0.93432836 0.02089552 0.00597015 0.01492537
  0.0119403 ]
 [0.02639752 0.01552795 0.01086957 0.8742236  0.05279503 0.01708075
  0.00310559]
 [0.03428571 0.00285714 0.00571429 0.12       0.79428571 0.03142857
  0.01142857]
 [0.09623431 0.0083682  0.0292887  0.05439331 0.0041841  0.78242678
  0.0251046 ]
 [0.15827338 0.         0.00719424 0.02158273 0.00719424 0.14388489
  0.6618705 ]]
701
702
703
704
705
706
707
708
709
710
711
712
713
714
715
716
717
718
719
720
721
722
723
724
725
726
727
728
729
730
731
732
733
734
735
736
737
738
739
740
741
742
743
744
745
746
747
748
749
750
751
752
753
754
755
756
757
758
759
760
761
762
763
764
765
766
767
768
769
770
771
772
773
774
775
776
777
778
779
780
781
782
783
784
785
786
787
788
789
790
791
792
793
794
795
796
797
798
799
800
accuracy   0.8194829178208679
top_5_accuracy   0.9893813481071099
precision   0.8165543250859876
Recall   0.8085721047127431
F1   0.8101641858467167
AUC   0.9615100716490959
Confusion_matrix   [[0.75       0.00352113 0.         0.11267606 0.02464789 0.09507042
  0.01408451]
 [0.05142857 0.76571429 0.04571429 0.06285714 0.02857143 0.04
  0.00571429]
 [0.         0.01492537 0.94328358 0.0238806  0.00298507 0.01492537
  0.        ]
 [0.05590062 0.01863354 0.00621118 0.82608696 0.05434783 0.0326087
  0.00621118]
 [0.04       0.00857143 0.         0.11428571 0.78571429 0.05142857
  0.        ]
 [0.06276151 0.0083682  0.0251046  0.0125523  0.0083682  0.84100418
  0.041841  ]
 [0.08633094 0.00719424 0.         0.         0.         0.15827338
  0.74820144]]
801
802
803
804
805
806
807
808
809
810
811
812
813
814
815
816
817
818
819
820
821
822
823
824
825
826
827
828
829
830
831
832
833
834
835
836
837
838
839
840
841
842
843
844
845
846
847
848
849
850
851
852
853
854
855
856
857
858
859
860
861
862
863
864
865
866
867
868
869
870
871
872
873
874
875
876
877
878
879
880
881
882
883
884
885
886
887
888
889
890
891
892
893
894
895
896
897
898
899
900
accuracy   0.8277931671283472
top_5_accuracy   0.9884579870729455
precision   0.8239012265181493
Recall   0.8085912955740374
F1   0.8139988417748899
AUC   0.9609563234351031
Confusion_matrix   [[0.70422535 0.01760563 0.00352113 0.10915493 0.04577465 0.08802817
  0.03169014]
 [0.05714286 0.8        0.04       0.05142857 0.02285714 0.02857143
  0.        ]
 [0.00298507 0.00895522 0.91641791 0.0238806  0.00597015 0.02985075
  0.0119403 ]
 [0.04037267 0.00621118 0.00621118 0.86335404 0.05745342 0.02173913
  0.00465839]
 [0.02       0.         0.         0.09714286 0.83428571 0.04857143
  0.        ]
 [0.06694561 0.0041841  0.0251046  0.0251046  0.0125523  0.83682008
  0.0292887 ]
 [0.10791367 0.         0.         0.01438849 0.01438849 0.15827338
  0.70503597]]
901
902
903
904
905
906
907
908
909
910
911
912
913
914
915
916
917
918
919
920
921
922
923
924
925
926
927
928
929
930
931
932
933
934
935
936
937
938
939
940
941
942
943
944
945
946
947
948
949
950
951
952
953
954
955
956
957
958
959
960
961
962
963
964
965
966
967
968
969
970
971
972
973
974
975
976
977
978
979
980
981
982
983
984
985
986
987
988
989
990
991
992
993
994
995
996
997
998
999
1000
accuracy   0.8134810710987996
top_5_accuracy   0.9856879039704525
precision   0.835319948890878
Recall   0.7821185092760334
F1   0.8037925748529128
AUC   0.9548127305739514
Confusion_matrix   [[0.67253521 0.00352113 0.00704225 0.20422535 0.03873239 0.02816901
  0.04577465]
 [0.04571429 0.69142857 0.07428571 0.12571429 0.02285714 0.03428571
  0.00571429]
 [0.00298507 0.00597015 0.89253731 0.07462687 0.00597015 0.01492537
  0.00298507]
 [0.01397516 0.00465839 0.01086957 0.9068323  0.05279503 0.00776398
  0.00310559]
 [0.02857143 0.         0.         0.18       0.78571429 0.00571429
  0.        ]
 [0.0460251  0.0083682  0.0209205  0.08368201 0.0209205  0.79916318
  0.0209205 ]
 [0.0647482  0.         0.00719424 0.01438849 0.02877698 0.15827338
  0.72661871]]
